[
  {
    "camera_id": 0,
    "R": [
      [0.7071067811865476, 0.7071067811865476, 0.0],
      [-0.5, 0.5, 0.7071067811865476],
      [0.5, -0.5, 0.7071067811865476]
    ],
    "t": [-2320.0, 2300.0, -2320.0]
  },
  {
    "camera_id": 1,
    "R": [
      [-0.7071067811865476, 0.7071067811865476, 0.0],
      [-0.5, -0.5, 0.7071067811865476],
      [0.5, 0.5, 0.7071067811865476]
    ],
    "t": [2320.0, 2300.0, -2320.0]
  },
  {
    "camera_id": 2,
    "R": [
      [-0.7071067811865476, -0.7071067811865476, 0.0],
      [0.5, -0.5, 0.7071067811865476],
      [-0.5, 0.5, 0.7071067811865476]
    ],
    "t": [2320.0, 2300.0, 2320.0]
  },
  {
    "camera_id": 3,
    "R": [
      [0.7071067811865476, -0.7071067811865476, 0.0],
      [0.5, 0.5, 0.7071067811865476],
      [-0.5, -0.5, 0.7071067811865476]
    ],
    "t": [-2320.0, 2300.0, 2320.0]
  }
]
