[
  {
    "camera_id": 0,
    "R": [
      [1, 0, 0],
      [0, 1, 0],
      [0, 0, 1]
    ],
    "t": [0, 0, 0]
  },
  {
    "camera_id": 1,
    "R": [
      [-0.0008290000610233772, -0.7947131755287576, 0.6069845808584402],
      [0.7624444396180684, 0.3922492478955913, 0.5146056781855716],
      [-0.6470531579819294, 0.46321862674804054, 0.6055994671226776]
    ],
    "t": [-2.6049886186449047, -2.173986915510569, 0.7303458563542193]
  },
  {
    "camera_id": 2,
    "R": [
      [-0.9985541623963866, -0.028079891357569067, -0.045837806036037466],

      [-0.043210651917521686, -0.08793122558361385, 0.9951888962042462],
      [-0.03197537054848707, 0.995730696156702, 0.0865907408997996]
    ],
    "t": [0.8953888630067902, -3.4302652822708373, 3.70967106300893]
  },
  {
    "camera_id": 3,
    "R": [
      [-0.4499864100408215, 0.6855400696798954, -0.5723172578577878],

      [-0.7145273934510732, 0.10804105689305427, 0.6912146801345055],
      [0.5356891214002657, 0.7199735709654319, 0.4412201517663212]
    ],
    "t": [2.50141072072536, -2.313616767292231, 1.8529907514099284]
  }
]
